(kicad_pcb (version 20171130) (host pcbnew "(5.1.7)-1")

  (general
    (thickness 1.6)
    (drawings 11)
    (tracks 107)
    (zones 0)
    (modules 40)
    (nets 52)
  )

  (page A4)
  (layers
    (0 F.Cu signal)
    (31 B.Cu signal)
    (32 B.Adhes user)
    (33 F.Adhes user)
    (34 B.Paste user)
    (35 F.Paste user)
    (36 B.SilkS user)
    (37 F.SilkS user hide)
    (38 B.Mask user)
    (39 F.Mask user)
    (40 Dwgs.User user)
    (41 Cmts.User user)
    (42 Eco1.User user)
    (43 Eco2.User user)
    (44 Edge.Cuts user)
    (45 Margin user)
    (46 B.CrtYd user)
    (47 F.CrtYd user)
    (48 B.Fab user)
    (49 F.Fab user)
  )

  (setup
    (last_trace_width 0.25)
    (user_trace_width 0.2)
    (user_trace_width 0.5)
    (user_trace_width 1)
    (user_trace_width 1.5)
    (trace_clearance 0.2)
    (zone_clearance 0.508)
    (zone_45_only no)
    (trace_min 0.2)
    (via_size 0.8)
    (via_drill 0.4)
    (via_min_size 0.4)
    (via_min_drill 0.3)
    (uvia_size 0.3)
    (uvia_drill 0.1)
    (uvias_allowed no)
    (uvia_min_size 0.2)
    (uvia_min_drill 0.1)
    (edge_width 0.05)
    (segment_width 0.2)
    (pcb_text_width 0.3)
    (pcb_text_size 1.5 1.5)
    (mod_edge_width 0.12)
    (mod_text_size 1 1)
    (mod_text_width 0.15)
    (pad_size 1.524 1.524)
    (pad_drill 0.762)
    (pad_to_mask_clearance 0)
    (aux_axis_origin 0 0)
    (visible_elements 7FFFFFFF)
    (pcbplotparams
      (layerselection 0x010fc_ffffffff)
      (usegerberextensions false)
      (usegerberattributes true)
      (usegerberadvancedattributes true)
      (creategerberjobfile true)
      (excludeedgelayer true)
      (linewidth 0.100000)
      (plotframeref false)
      (viasonmask false)
      (mode 1)
      (useauxorigin false)
      (hpglpennumber 1)
      (hpglpenspeed 20)
      (hpglpendiameter 15.000000)
      (psnegative false)
      (psa4output false)
      (plotreference true)
      (plotvalue true)
      (plotinvisibletext false)
      (padsonsilk false)
      (subtractmaskfromsilk false)
      (outputformat 1)
      (mirror false)
      (drillshape 1)
      (scaleselection 1)
      (outputdirectory ""))
  )

  (net 0 "")
  (net 1 GND)
  (net 2 +5V)
  (net 3 "Net-(D1-Pad4)")
  (net 4 "Net-(D1-Pad5)")
  (net 5 "Net-(D1-Pad3)")
  (net 6 "Net-(D1-Pad2)")
  (net 7 "Net-(D2-Pad3)")
  (net 8 "Net-(D2-Pad2)")
  (net 9 "Net-(D3-Pad2)")
  (net 10 "Net-(D3-Pad3)")
  (net 11 "Net-(D4-Pad3)")
  (net 12 "Net-(D4-Pad2)")
  (net 13 "Net-(D5-Pad2)")
  (net 14 "Net-(D5-Pad3)")
  (net 15 "Net-(D6-Pad3)")
  (net 16 "Net-(D6-Pad2)")
  (net 17 "Net-(D7-Pad2)")
  (net 18 "Net-(D7-Pad3)")
  (net 19 "Net-(D8-Pad3)")
  (net 20 "Net-(D8-Pad2)")
  (net 21 "Net-(D10-Pad5)")
  (net 22 "Net-(D10-Pad4)")
  (net 23 "Net-(D10-Pad3)")
  (net 24 "Net-(D10-Pad2)")
  (net 25 "Net-(D11-Pad2)")
  (net 26 "Net-(D11-Pad3)")
  (net 27 "Net-(D12-Pad3)")
  (net 28 "Net-(D12-Pad2)")
  (net 29 "Net-(D13-Pad2)")
  (net 30 "Net-(D13-Pad3)")
  (net 31 "Net-(D14-Pad3)")
  (net 32 "Net-(D14-Pad2)")
  (net 33 "Net-(D15-Pad2)")
  (net 34 "Net-(D15-Pad3)")
  (net 35 "Net-(D16-Pad2)")
  (net 36 "Net-(D16-Pad3)")
  (net 37 "Net-(J1-Pad2)")
  (net 38 "Net-(J1-Pad4)")
  (net 39 "Net-(J1-Pad3)")
  (net 40 "Net-(J3-Pad1)")
  (net 41 "Net-(J3-Pad4)")
  (net 42 "Net-(J3-Pad5)")
  (net 43 "Net-(J3-Pad6)")
  (net 44 /DATA)
  (net 45 /CLK)
  (net 46 "Net-(TP1-Pad1)")
  (net 47 "Net-(TP2-Pad1)")
  (net 48 "Net-(TP3-Pad1)")
  (net 49 "Net-(TP4-Pad1)")
  (net 50 "Net-(TP5-Pad1)")
  (net 51 /MODE)

  (net_class Default "This is the default net class."
    (clearance 0.2)
    (trace_width 0.25)
    (via_dia 0.8)
    (via_drill 0.4)
    (uvia_dia 0.3)
    (uvia_drill 0.1)
    (add_net +5V)
    (add_net /CLK)
    (add_net /DATA)
    (add_net /MODE)
    (add_net GND)
    (add_net "Net-(D1-Pad2)")
    (add_net "Net-(D1-Pad3)")
    (add_net "Net-(D1-Pad4)")
    (add_net "Net-(D1-Pad5)")
    (add_net "Net-(D10-Pad2)")
    (add_net "Net-(D10-Pad3)")
    (add_net "Net-(D10-Pad4)")
    (add_net "Net-(D10-Pad5)")
    (add_net "Net-(D11-Pad2)")
    (add_net "Net-(D11-Pad3)")
    (add_net "Net-(D12-Pad2)")
    (add_net "Net-(D12-Pad3)")
    (add_net "Net-(D13-Pad2)")
    (add_net "Net-(D13-Pad3)")
    (add_net "Net-(D14-Pad2)")
    (add_net "Net-(D14-Pad3)")
    (add_net "Net-(D15-Pad2)")
    (add_net "Net-(D15-Pad3)")
    (add_net "Net-(D16-Pad2)")
    (add_net "Net-(D16-Pad3)")
    (add_net "Net-(D2-Pad2)")
    (add_net "Net-(D2-Pad3)")
    (add_net "Net-(D3-Pad2)")
    (add_net "Net-(D3-Pad3)")
    (add_net "Net-(D4-Pad2)")
    (add_net "Net-(D4-Pad3)")
    (add_net "Net-(D5-Pad2)")
    (add_net "Net-(D5-Pad3)")
    (add_net "Net-(D6-Pad2)")
    (add_net "Net-(D6-Pad3)")
    (add_net "Net-(D7-Pad2)")
    (add_net "Net-(D7-Pad3)")
    (add_net "Net-(D8-Pad2)")
    (add_net "Net-(D8-Pad3)")
    (add_net "Net-(J1-Pad2)")
    (add_net "Net-(J1-Pad3)")
    (add_net "Net-(J1-Pad4)")
    (add_net "Net-(J3-Pad1)")
    (add_net "Net-(J3-Pad4)")
    (add_net "Net-(J3-Pad5)")
    (add_net "Net-(J3-Pad6)")
    (add_net "Net-(TP1-Pad1)")
    (add_net "Net-(TP2-Pad1)")
    (add_net "Net-(TP3-Pad1)")
    (add_net "Net-(TP4-Pad1)")
    (add_net "Net-(TP5-Pad1)")
  )

  (module Button_Switch_SMD:SW_SPST_Omron_B3FS-101xP (layer B.Cu) (tedit 5E6E8E39) (tstamp 62F6685D)
    (at 150 100)
    (descr "Surface Mount Tactile Switch for High-Density Mounting, 4.3mm height, https://omronfs.omron.com/en_US/ecb/products/pdf/en-b3fs.pdf")
    (tags "Tactile Switch")
    (path /62F84BE6)
    (attr smd)
    (fp_text reference SW1 (at 0 4.3) (layer B.SilkS)
      (effects (font (size 1 1) (thickness 0.15)) (justify mirror))
    )
    (fp_text value MODE (at 0 -4.2) (layer B.Fab)
      (effects (font (size 1 1) (thickness 0.15)) (justify mirror))
    )
    (fp_line (start -5.1 2.3) (end -5.1 3.3) (layer B.SilkS) (width 0.12))
    (fp_line (start -5.1 3.3) (end -4.1 3.3) (layer B.SilkS) (width 0.12))
    (fp_circle (center 0 0) (end 1.5 0) (layer B.Fab) (width 0.1))
    (fp_line (start -5.05 1.3) (end -5.05 3.4) (layer B.CrtYd) (width 0.05))
    (fp_line (start -3.25 1.3) (end -5.05 1.3) (layer B.CrtYd) (width 0.05))
    (fp_line (start -3.25 -1.3) (end -3.25 1.3) (layer B.CrtYd) (width 0.05))
    (fp_line (start -5.05 -1.3) (end -3.25 -1.3) (layer B.CrtYd) (width 0.05))
    (fp_line (start -5.05 -3.4) (end -5.05 -1.3) (layer B.CrtYd) (width 0.05))
    (fp_line (start 5.05 -3.4) (end -5.05 -3.4) (layer B.CrtYd) (width 0.05))
    (fp_line (start 5.05 -1.3) (end 5.05 -3.4) (layer B.CrtYd) (width 0.05))
    (fp_line (start 3.25 -1.3) (end 5.05 -1.3) (layer B.CrtYd) (width 0.05))
    (fp_line (start 3.25 1.3) (end 3.25 -1.3) (layer B.CrtYd) (width 0.05))
    (fp_line (start 5.05 1.3) (end 3.25 1.3) (layer B.CrtYd) (width 0.05))
    (fp_line (start 5.05 3.4) (end 5.05 1.3) (layer B.CrtYd) (width 0.05))
    (fp_line (start -5.05 3.4) (end 5.05 3.4) (layer B.CrtYd) (width 0.05))
    (fp_line (start -3 -3.15) (end -3 3.15) (layer B.Fab) (width 0.1))
    (fp_line (start 3 -3.15) (end -3 -3.15) (layer B.Fab) (width 0.1))
    (fp_line (start 3 3.15) (end 3 -3.15) (layer B.Fab) (width 0.1))
    (fp_line (start -3 3.15) (end 3 3.15) (layer B.Fab) (width 0.1))
    (fp_line (start -3.1 1.3) (end -3.1 -1.3) (layer B.SilkS) (width 0.12))
    (fp_line (start 3.1 1.3) (end 3.1 -1.3) (layer B.SilkS) (width 0.12))
    (fp_line (start 3 -3.25) (end -3 -3.25) (layer B.SilkS) (width 0.12))
    (fp_line (start 2.9 3.25) (end -2.9 3.25) (layer B.SilkS) (width 0.12))
    (fp_text user %R (at 0 2.2) (layer B.Fab)
      (effects (font (size 1 1) (thickness 0.15)) (justify mirror))
    )
    (pad 3 smd rect (at -4 -2.25 180) (size 1.6 1.4) (layers B.Cu B.Paste B.Mask)
      (net 1 GND))
    (pad 4 smd rect (at 4 -2.25 180) (size 1.6 1.4) (layers B.Cu B.Paste B.Mask)
      (net 1 GND))
    (pad 1 smd rect (at -4 2.25 180) (size 1.6 1.4) (layers B.Cu B.Paste B.Mask)
      (net 51 /MODE))
    (pad 2 smd rect (at 4 2.25 180) (size 1.6 1.4) (layers B.Cu B.Paste B.Mask)
      (net 51 /MODE))
    (model ${KISYS3DMOD}/Button_Switch_SMD.3dshapes/SW_SPST_Omron_B3FS-101xP.wrl
      (at (xyz 0 0 0))
      (scale (xyz 1 1 1))
      (rotate (xyz 0 0 0))
    )
  )

  (module Connector:Tag-Connect_TC2030-IDC-NL_2x03_P1.27mm_Vertical (layer F.Cu) (tedit 5A29CEA9) (tstamp 62F5C6AA)
    (at 150.114 90.805 180)
    (descr "Tag-Connect programming header; http://www.tag-connect.com/Materials/TC2030-IDC-NL.pdf")
    (tags "tag connect programming header pogo pins")
    (path /630723EB)
    (attr virtual)
    (fp_text reference J3 (at 0 5) (layer F.SilkS)
      (effects (font (size 1 1) (thickness 0.15)))
    )
    (fp_text value Conn_01x06 (at 0 -4.7) (layer F.Fab)
      (effects (font (size 1 1) (thickness 0.15)))
    )
    (fp_text user %R (at 0 0) (layer F.Fab)
      (effects (font (size 1 1) (thickness 0.15)))
    )
    (fp_text user KEEPOUT (at 0 0) (layer Cmts.User)
      (effects (font (size 0.4 0.4) (thickness 0.07)))
    )
    (fp_line (start 0.635 0.635) (end 1.27 0) (layer Dwgs.User) (width 0.1))
    (fp_line (start 0 0.635) (end 1.27 -0.635) (layer Dwgs.User) (width 0.1))
    (fp_line (start -0.635 0.635) (end 0.635 -0.635) (layer Dwgs.User) (width 0.1))
    (fp_line (start -1.27 0) (end -0.635 -0.635) (layer Dwgs.User) (width 0.1))
    (fp_line (start -1.27 0.635) (end 0 -0.635) (layer Dwgs.User) (width 0.1))
    (fp_line (start -1.27 -0.635) (end 1.27 -0.635) (layer Dwgs.User) (width 0.1))
    (fp_line (start 1.27 -0.635) (end 1.27 0.635) (layer Dwgs.User) (width 0.1))
    (fp_line (start 1.27 0.635) (end -1.27 0.635) (layer Dwgs.User) (width 0.1))
    (fp_line (start -1.27 0.635) (end -1.27 -0.635) (layer Dwgs.User) (width 0.1))
    (fp_line (start -3.5 -2) (end 3.5 -2) (layer F.CrtYd) (width 0.05))
    (fp_line (start 3.5 -2) (end 3.5 2) (layer F.CrtYd) (width 0.05))
    (fp_line (start 3.5 2) (end -3.5 2) (layer F.CrtYd) (width 0.05))
    (fp_line (start -3.5 2) (end -3.5 -2) (layer F.CrtYd) (width 0.05))
    (fp_line (start -1.27 1.27) (end -1.905 1.27) (layer F.SilkS) (width 0.12))
    (fp_line (start -1.905 1.27) (end -1.905 0.635) (layer F.SilkS) (width 0.12))
    (pad "" np_thru_hole circle (at 2.54 -1.016 180) (size 0.9906 0.9906) (drill 0.9906) (layers *.Cu *.Mask))
    (pad "" np_thru_hole circle (at 2.54 1.016 180) (size 0.9906 0.9906) (drill 0.9906) (layers *.Cu *.Mask))
    (pad "" np_thru_hole circle (at -2.54 0 180) (size 0.9906 0.9906) (drill 0.9906) (layers *.Cu *.Mask))
    (pad 1 connect circle (at -1.27 0.635 180) (size 0.7874 0.7874) (layers F.Cu F.Mask)
      (net 40 "Net-(J3-Pad1)"))
    (pad 2 connect circle (at -1.27 -0.635 180) (size 0.7874 0.7874) (layers F.Cu F.Mask)
      (net 2 +5V))
    (pad 3 connect circle (at 0 0.635 180) (size 0.7874 0.7874) (layers F.Cu F.Mask)
      (net 1 GND))
    (pad 4 connect circle (at 0 -0.635 180) (size 0.7874 0.7874) (layers F.Cu F.Mask)
      (net 41 "Net-(J3-Pad4)"))
    (pad 5 connect circle (at 1.27 0.635 180) (size 0.7874 0.7874) (layers F.Cu F.Mask)
      (net 42 "Net-(J3-Pad5)"))
    (pad 6 connect circle (at 1.27 -0.635 180) (size 0.7874 0.7874) (layers F.Cu F.Mask)
      (net 43 "Net-(J3-Pad6)"))
  )

  (module Capacitor_SMD:C_0805_2012Metric (layer F.Cu) (tedit 5F68FEEE) (tstamp 62F5C379)
    (at 156 89 270)
    (descr "Capacitor SMD 0805 (2012 Metric), square (rectangular) end terminal, IPC_7351 nominal, (Body size source: IPC-SM-782 page 76, https://www.pcb-3d.com/wordpress/wp-content/uploads/ipc-sm-782a_amendment_1_and_2.pdf, https://docs.google.com/spreadsheets/d/1BsfQQcO9C6DZCsRaXUlFlo91Tg2WpOkGARC1WS5S8t0/edit?usp=sharing), generated with kicad-footprint-generator")
    (tags capacitor)
    (path /62F8C323)
    (attr smd)
    (fp_text reference C1 (at 0 -1.68 90) (layer F.SilkS)
      (effects (font (size 1 1) (thickness 0.15)))
    )
    (fp_text value 100nF (at 0 1.68 90) (layer F.Fab)
      (effects (font (size 1 1) (thickness 0.15)))
    )
    (fp_line (start -1 0.625) (end -1 -0.625) (layer F.Fab) (width 0.1))
    (fp_line (start -1 -0.625) (end 1 -0.625) (layer F.Fab) (width 0.1))
    (fp_line (start 1 -0.625) (end 1 0.625) (layer F.Fab) (width 0.1))
    (fp_line (start 1 0.625) (end -1 0.625) (layer F.Fab) (width 0.1))
    (fp_line (start -0.261252 -0.735) (end 0.261252 -0.735) (layer F.SilkS) (width 0.12))
    (fp_line (start -0.261252 0.735) (end 0.261252 0.735) (layer F.SilkS) (width 0.12))
    (fp_line (start -1.7 0.98) (end -1.7 -0.98) (layer F.CrtYd) (width 0.05))
    (fp_line (start -1.7 -0.98) (end 1.7 -0.98) (layer F.CrtYd) (width 0.05))
    (fp_line (start 1.7 -0.98) (end 1.7 0.98) (layer F.CrtYd) (width 0.05))
    (fp_line (start 1.7 0.98) (end -1.7 0.98) (layer F.CrtYd) (width 0.05))
    (fp_text user %R (at 0 0 90) (layer F.Fab)
      (effects (font (size 0.5 0.5) (thickness 0.08)))
    )
    (pad 2 smd roundrect (at 0.95 0 270) (size 1 1.45) (layers F.Cu F.Paste F.Mask) (roundrect_rratio 0.25)
      (net 1 GND))
    (pad 1 smd roundrect (at -0.95 0 270) (size 1 1.45) (layers F.Cu F.Paste F.Mask) (roundrect_rratio 0.25)
      (net 2 +5V))
    (model ${KISYS3DMOD}/Capacitor_SMD.3dshapes/C_0805_2012Metric.wrl
      (at (xyz 0 0 0))
      (scale (xyz 1 1 1))
      (rotate (xyz 0 0 0))
    )
  )

  (module Capacitor_SMD:C_0805_2012Metric (layer F.Cu) (tedit 5F68FEEE) (tstamp 62F695ED)
    (at 162.479311 91.677334 33.7)
    (descr "Capacitor SMD 0805 (2012 Metric), square (rectangular) end terminal, IPC_7351 nominal, (Body size source: IPC-SM-782 page 76, https://www.pcb-3d.com/wordpress/wp-content/uploads/ipc-sm-782a_amendment_1_and_2.pdf, https://docs.google.com/spreadsheets/d/1BsfQQcO9C6DZCsRaXUlFlo91Tg2WpOkGARC1WS5S8t0/edit?usp=sharing), generated with kicad-footprint-generator")
    (tags capacitor)
    (path /62F8C32D)
    (attr smd)
    (fp_text reference C2 (at 0 -1.68 33.7) (layer F.SilkS)
      (effects (font (size 1 1) (thickness 0.15)))
    )
    (fp_text value 100nF (at 0 1.68 33.7) (layer F.Fab)
      (effects (font (size 1 1) (thickness 0.15)))
    )
    (fp_line (start 1.7 0.98) (end -1.7 0.98) (layer F.CrtYd) (width 0.05))
    (fp_line (start 1.7 -0.98) (end 1.7 0.98) (layer F.CrtYd) (width 0.05))
    (fp_line (start -1.7 -0.98) (end 1.7 -0.98) (layer F.CrtYd) (width 0.05))
    (fp_line (start -1.7 0.98) (end -1.7 -0.98) (layer F.CrtYd) (width 0.05))
    (fp_line (start -0.261252 0.735) (end 0.261252 0.735) (layer F.SilkS) (width 0.12))
    (fp_line (start -0.261252 -0.735) (end 0.261252 -0.735) (layer F.SilkS) (width 0.12))
    (fp_line (start 1 0.625) (end -1 0.625) (layer F.Fab) (width 0.1))
    (fp_line (start 1 -0.625) (end 1 0.625) (layer F.Fab) (width 0.1))
    (fp_line (start -1 -0.625) (end 1 -0.625) (layer F.Fab) (width 0.1))
    (fp_line (start -1 0.625) (end -1 -0.625) (layer F.Fab) (width 0.1))
    (fp_text user %R (at 0 0 33.7) (layer F.Fab)
      (effects (font (size 0.5 0.5) (thickness 0.08)))
    )
    (pad 1 smd roundrect (at -0.95 0 33.7) (size 1 1.45) (layers F.Cu F.Paste F.Mask) (roundrect_rratio 0.25)
      (net 2 +5V))
    (pad 2 smd roundrect (at 0.95 0 33.7) (size 1 1.45) (layers F.Cu F.Paste F.Mask) (roundrect_rratio 0.25)
      (net 1 GND))
    (model ${KISYS3DMOD}/Capacitor_SMD.3dshapes/C_0805_2012Metric.wrl
      (at (xyz 0 0 0))
      (scale (xyz 1 1 1))
      (rotate (xyz 0 0 0))
    )
  )

  (module Capacitor_SMD:C_0805_2012Metric (layer F.Cu) (tedit 5F68FEEE) (tstamp 62F67579)
    (at 164.709219 102.939192 348.7)
    (descr "Capacitor SMD 0805 (2012 Metric), square (rectangular) end terminal, IPC_7351 nominal, (Body size source: IPC-SM-782 page 76, https://www.pcb-3d.com/wordpress/wp-content/uploads/ipc-sm-782a_amendment_1_and_2.pdf, https://docs.google.com/spreadsheets/d/1BsfQQcO9C6DZCsRaXUlFlo91Tg2WpOkGARC1WS5S8t0/edit?usp=sharing), generated with kicad-footprint-generator")
    (tags capacitor)
    (path /62F8C337)
    (attr smd)
    (fp_text reference C3 (at 0 -1.68 168.7) (layer F.SilkS)
      (effects (font (size 1 1) (thickness 0.15)))
    )
    (fp_text value 100nF (at 0 1.68 168.7) (layer F.Fab)
      (effects (font (size 1 1) (thickness 0.15)))
    )
    (fp_line (start -1 0.625) (end -1 -0.625) (layer F.Fab) (width 0.1))
    (fp_line (start -1 -0.625) (end 1 -0.625) (layer F.Fab) (width 0.1))
    (fp_line (start 1 -0.625) (end 1 0.625) (layer F.Fab) (width 0.1))
    (fp_line (start 1 0.625) (end -1 0.625) (layer F.Fab) (width 0.1))
    (fp_line (start -0.261252 -0.735) (end 0.261252 -0.735) (layer F.SilkS) (width 0.12))
    (fp_line (start -0.261252 0.735) (end 0.261252 0.735) (layer F.SilkS) (width 0.12))
    (fp_line (start -1.7 0.98) (end -1.7 -0.98) (layer F.CrtYd) (width 0.05))
    (fp_line (start -1.7 -0.98) (end 1.7 -0.98) (layer F.CrtYd) (width 0.05))
    (fp_line (start 1.7 -0.98) (end 1.7 0.98) (layer F.CrtYd) (width 0.05))
    (fp_line (start 1.7 0.98) (end -1.7 0.98) (layer F.CrtYd) (width 0.05))
    (fp_text user %R (at 0 0 168.7) (layer F.Fab)
      (effects (font (size 0.5 0.5) (thickness 0.08)))
    )
    (pad 2 smd roundrect (at 0.95 0 348.7) (size 1 1.45) (layers F.Cu F.Paste F.Mask) (roundrect_rratio 0.25)
      (net 1 GND))
    (pad 1 smd roundrect (at -0.95 0 348.7) (size 1 1.45) (layers F.Cu F.Paste F.Mask) (roundrect_rratio 0.25)
      (net 2 +5V))
    (model ${KISYS3DMOD}/Capacitor_SMD.3dshapes/C_0805_2012Metric.wrl
      (at (xyz 0 0 0))
      (scale (xyz 1 1 1))
      (rotate (xyz 0 0 0))
    )
  )

  (module Capacitor_SMD:C_0805_2012Metric (layer F.Cu) (tedit 5F68FEEE) (tstamp 62F675D9)
    (at 158.322666 112.479311 303.7)
    (descr "Capacitor SMD 0805 (2012 Metric), square (rectangular) end terminal, IPC_7351 nominal, (Body size source: IPC-SM-782 page 76, https://www.pcb-3d.com/wordpress/wp-content/uploads/ipc-sm-782a_amendment_1_and_2.pdf, https://docs.google.com/spreadsheets/d/1BsfQQcO9C6DZCsRaXUlFlo91Tg2WpOkGARC1WS5S8t0/edit?usp=sharing), generated with kicad-footprint-generator")
    (tags capacitor)
    (path /62F8C341)
    (attr smd)
    (fp_text reference C4 (at 0 -1.68 123.7) (layer F.SilkS)
      (effects (font (size 1 1) (thickness 0.15)))
    )
    (fp_text value 100nF (at 0 1.68 123.7) (layer F.Fab)
      (effects (font (size 1 1) (thickness 0.15)))
    )
    (fp_line (start 1.7 0.98) (end -1.7 0.98) (layer F.CrtYd) (width 0.05))
    (fp_line (start 1.7 -0.98) (end 1.7 0.98) (layer F.CrtYd) (width 0.05))
    (fp_line (start -1.7 -0.98) (end 1.7 -0.98) (layer F.CrtYd) (width 0.05))
    (fp_line (start -1.7 0.98) (end -1.7 -0.98) (layer F.CrtYd) (width 0.05))
    (fp_line (start -0.261252 0.735) (end 0.261252 0.735) (layer F.SilkS) (width 0.12))
    (fp_line (start -0.261252 -0.735) (end 0.261252 -0.735) (layer F.SilkS) (width 0.12))
    (fp_line (start 1 0.625) (end -1 0.625) (layer F.Fab) (width 0.1))
    (fp_line (start 1 -0.625) (end 1 0.625) (layer F.Fab) (width 0.1))
    (fp_line (start -1 -0.625) (end 1 -0.625) (layer F.Fab) (width 0.1))
    (fp_line (start -1 0.625) (end -1 -0.625) (layer F.Fab) (width 0.1))
    (fp_text user %R (at 0 0 123.7) (layer F.Fab)
      (effects (font (size 0.5 0.5) (thickness 0.08)))
    )
    (pad 1 smd roundrect (at -0.95 0 303.7) (size 1 1.45) (layers F.Cu F.Paste F.Mask) (roundrect_rratio 0.25)
      (net 2 +5V))
    (pad 2 smd roundrect (at 0.95 0 303.7) (size 1 1.45) (layers F.Cu F.Paste F.Mask) (roundrect_rratio 0.25)
      (net 1 GND))
    (model ${KISYS3DMOD}/Capacitor_SMD.3dshapes/C_0805_2012Metric.wrl
      (at (xyz 0 0 0))
      (scale (xyz 1 1 1))
      (rotate (xyz 0 0 0))
    )
  )

  (module Capacitor_SMD:C_0805_2012Metric (layer F.Cu) (tedit 5F68FEEE) (tstamp 62F5C3BD)
    (at 141.655566 112.464767 236.3)
    (descr "Capacitor SMD 0805 (2012 Metric), square (rectangular) end terminal, IPC_7351 nominal, (Body size source: IPC-SM-782 page 76, https://www.pcb-3d.com/wordpress/wp-content/uploads/ipc-sm-782a_amendment_1_and_2.pdf, https://docs.google.com/spreadsheets/d/1BsfQQcO9C6DZCsRaXUlFlo91Tg2WpOkGARC1WS5S8t0/edit?usp=sharing), generated with kicad-footprint-generator")
    (tags capacitor)
    (path /62F84AF6)
    (attr smd)
    (fp_text reference C5 (at 0 -1.68 56.3) (layer F.SilkS)
      (effects (font (size 1 1) (thickness 0.15)))
    )
    (fp_text value 100nF (at 0 1.68 56.3) (layer F.Fab)
      (effects (font (size 1 1) (thickness 0.15)))
    )
    (fp_line (start -1 0.625) (end -1 -0.625) (layer F.Fab) (width 0.1))
    (fp_line (start -1 -0.625) (end 1 -0.625) (layer F.Fab) (width 0.1))
    (fp_line (start 1 -0.625) (end 1 0.625) (layer F.Fab) (width 0.1))
    (fp_line (start 1 0.625) (end -1 0.625) (layer F.Fab) (width 0.1))
    (fp_line (start -0.261252 -0.735) (end 0.261252 -0.735) (layer F.SilkS) (width 0.12))
    (fp_line (start -0.261252 0.735) (end 0.261252 0.735) (layer F.SilkS) (width 0.12))
    (fp_line (start -1.7 0.98) (end -1.7 -0.98) (layer F.CrtYd) (width 0.05))
    (fp_line (start -1.7 -0.98) (end 1.7 -0.98) (layer F.CrtYd) (width 0.05))
    (fp_line (start 1.7 -0.98) (end 1.7 0.98) (layer F.CrtYd) (width 0.05))
    (fp_line (start 1.7 0.98) (end -1.7 0.98) (layer F.CrtYd) (width 0.05))
    (fp_text user %R (at 0 0 56.3) (layer F.Fab)
      (effects (font (size 0.5 0.5) (thickness 0.08)))
    )
    (pad 2 smd roundrect (at 0.95 0 236.3) (size 1 1.45) (layers F.Cu F.Paste F.Mask) (roundrect_rratio 0.25)
      (net 1 GND))
    (pad 1 smd roundrect (at -0.95 0 236.3) (size 1 1.45) (layers F.Cu F.Paste F.Mask) (roundrect_rratio 0.25)
      (net 2 +5V))
    (model ${KISYS3DMOD}/Capacitor_SMD.3dshapes/C_0805_2012Metric.wrl
      (at (xyz 0 0 0))
      (scale (xyz 1 1 1))
      (rotate (xyz 0 0 0))
    )
  )

  (module Capacitor_SMD:C_0805_2012Metric (layer F.Cu) (tedit 5F68FEEE) (tstamp 62F5C3CE)
    (at 135.285673 102.913515 191.3)
    (descr "Capacitor SMD 0805 (2012 Metric), square (rectangular) end terminal, IPC_7351 nominal, (Body size source: IPC-SM-782 page 76, https://www.pcb-3d.com/wordpress/wp-content/uploads/ipc-sm-782a_amendment_1_and_2.pdf, https://docs.google.com/spreadsheets/d/1BsfQQcO9C6DZCsRaXUlFlo91Tg2WpOkGARC1WS5S8t0/edit?usp=sharing), generated with kicad-footprint-generator")
    (tags capacitor)
    (path /62F85008)
    (attr smd)
    (fp_text reference C6 (at 0 -1.68 11.3) (layer F.SilkS)
      (effects (font (size 1 1) (thickness 0.15)))
    )
    (fp_text value 100nF (at 0 1.68 11.3) (layer F.Fab)
      (effects (font (size 1 1) (thickness 0.15)))
    )
    (fp_line (start 1.7 0.98) (end -1.7 0.98) (layer F.CrtYd) (width 0.05))
    (fp_line (start 1.7 -0.98) (end 1.7 0.98) (layer F.CrtYd) (width 0.05))
    (fp_line (start -1.7 -0.98) (end 1.7 -0.98) (layer F.CrtYd) (width 0.05))
    (fp_line (start -1.7 0.98) (end -1.7 -0.98) (layer F.CrtYd) (width 0.05))
    (fp_line (start -0.261252 0.735) (end 0.261252 0.735) (layer F.SilkS) (width 0.12))
    (fp_line (start -0.261252 -0.735) (end 0.261252 -0.735) (layer F.SilkS) (width 0.12))
    (fp_line (start 1 0.625) (end -1 0.625) (layer F.Fab) (width 0.1))
    (fp_line (start 1 -0.625) (end 1 0.625) (layer F.Fab) (width 0.1))
    (fp_line (start -1 -0.625) (end 1 -0.625) (layer F.Fab) (width 0.1))
    (fp_line (start -1 0.625) (end -1 -0.625) (layer F.Fab) (width 0.1))
    (fp_text user %R (at 0 0 11.3) (layer F.Fab)
      (effects (font (size 0.5 0.5) (thickness 0.08)))
    )
    (pad 1 smd roundrect (at -0.95 0 191.3) (size 1 1.45) (layers F.Cu F.Paste F.Mask) (roundrect_rratio 0.25)
      (net 2 +5V))
    (pad 2 smd roundrect (at 0.95 0 191.3) (size 1 1.45) (layers F.Cu F.Paste F.Mask) (roundrect_rratio 0.25)
      (net 1 GND))
    (model ${KISYS3DMOD}/Capacitor_SMD.3dshapes/C_0805_2012Metric.wrl
      (at (xyz 0 0 0))
      (scale (xyz 1 1 1))
      (rotate (xyz 0 0 0))
    )
  )

  (module Capacitor_SMD:C_0805_2012Metric (layer F.Cu) (tedit 5F68FEEE) (tstamp 62F5C3DF)
    (at 137.535233 91.655566 146.3)
    (descr "Capacitor SMD 0805 (2012 Metric), square (rectangular) end terminal, IPC_7351 nominal, (Body size source: IPC-SM-782 page 76, https://www.pcb-3d.com/wordpress/wp-content/uploads/ipc-sm-782a_amendment_1_and_2.pdf, https://docs.google.com/spreadsheets/d/1BsfQQcO9C6DZCsRaXUlFlo91Tg2WpOkGARC1WS5S8t0/edit?usp=sharing), generated with kicad-footprint-generator")
    (tags capacitor)
    (path /62F85241)
    (attr smd)
    (fp_text reference C7 (at 0 -1.68 146.3) (layer F.SilkS)
      (effects (font (size 1 1) (thickness 0.15)))
    )
    (fp_text value 100nF (at 0 1.68 146.3) (layer F.Fab)
      (effects (font (size 1 1) (thickness 0.15)))
    )
    (fp_line (start -1 0.625) (end -1 -0.625) (layer F.Fab) (width 0.1))
    (fp_line (start -1 -0.625) (end 1 -0.625) (layer F.Fab) (width 0.1))
    (fp_line (start 1 -0.625) (end 1 0.625) (layer F.Fab) (width 0.1))
    (fp_line (start 1 0.625) (end -1 0.625) (layer F.Fab) (width 0.1))
    (fp_line (start -0.261252 -0.735) (end 0.261252 -0.735) (layer F.SilkS) (width 0.12))
    (fp_line (start -0.261252 0.735) (end 0.261252 0.735) (layer F.SilkS) (width 0.12))
    (fp_line (start -1.7 0.98) (end -1.7 -0.98) (layer F.CrtYd) (width 0.05))
    (fp_line (start -1.7 -0.98) (end 1.7 -0.98) (layer F.CrtYd) (width 0.05))
    (fp_line (start 1.7 -0.98) (end 1.7 0.98) (layer F.CrtYd) (width 0.05))
    (fp_line (start 1.7 0.98) (end -1.7 0.98) (layer F.CrtYd) (width 0.05))
    (fp_text user %R (at 0 0 146.3) (layer F.Fab)
      (effects (font (size 0.5 0.5) (thickness 0.08)))
    )
    (pad 2 smd roundrect (at 0.95 0 146.3) (size 1 1.45) (layers F.Cu F.Paste F.Mask) (roundrect_rratio 0.25)
      (net 1 GND))
    (pad 1 smd roundrect (at -0.95 0 146.3) (size 1 1.45) (layers F.Cu F.Paste F.Mask) (roundrect_rratio 0.25)
      (net 2 +5V))
    (model ${KISYS3DMOD}/Capacitor_SMD.3dshapes/C_0805_2012Metric.wrl
      (at (xyz 0 0 0))
      (scale (xyz 1 1 1))
      (rotate (xyz 0 0 0))
    )
  )

  (module Capacitor_SMD:C_0805_2012Metric (layer F.Cu) (tedit 5F68FEEE) (tstamp 62F5C3F0)
    (at 144 89 270)
    (descr "Capacitor SMD 0805 (2012 Metric), square (rectangular) end terminal, IPC_7351 nominal, (Body size source: IPC-SM-782 page 76, https://www.pcb-3d.com/wordpress/wp-content/uploads/ipc-sm-782a_amendment_1_and_2.pdf, https://docs.google.com/spreadsheets/d/1BsfQQcO9C6DZCsRaXUlFlo91Tg2WpOkGARC1WS5S8t0/edit?usp=sharing), generated with kicad-footprint-generator")
    (tags capacitor)
    (path /62F8562C)
    (attr smd)
    (fp_text reference C8 (at 0 -1.68 90) (layer F.SilkS)
      (effects (font (size 1 1) (thickness 0.15)))
    )
    (fp_text value 100nF (at 0 1.68 90) (layer F.Fab)
      (effects (font (size 1 1) (thickness 0.15)))
    )
    (fp_line (start 1.7 0.98) (end -1.7 0.98) (layer F.CrtYd) (width 0.05))
    (fp_line (start 1.7 -0.98) (end 1.7 0.98) (layer F.CrtYd) (width 0.05))
    (fp_line (start -1.7 -0.98) (end 1.7 -0.98) (layer F.CrtYd) (width 0.05))
    (fp_line (start -1.7 0.98) (end -1.7 -0.98) (layer F.CrtYd) (width 0.05))
    (fp_line (start -0.261252 0.735) (end 0.261252 0.735) (layer F.SilkS) (width 0.12))
    (fp_line (start -0.261252 -0.735) (end 0.261252 -0.735) (layer F.SilkS) (width 0.12))
    (fp_line (start 1 0.625) (end -1 0.625) (layer F.Fab) (width 0.1))
    (fp_line (start 1 -0.625) (end 1 0.625) (layer F.Fab) (width 0.1))
    (fp_line (start -1 -0.625) (end 1 -0.625) (layer F.Fab) (width 0.1))
    (fp_line (start -1 0.625) (end -1 -0.625) (layer F.Fab) (width 0.1))
    (fp_text user %R (at 0 0 90) (layer F.Fab)
      (effects (font (size 0.5 0.5) (thickness 0.08)))
    )
    (pad 1 smd roundrect (at -0.95 0 270) (size 1 1.45) (layers F.Cu F.Paste F.Mask) (roundrect_rratio 0.25)
      (net 2 +5V))
    (pad 2 smd roundrect (at 0.95 0 270) (size 1 1.45) (layers F.Cu F.Paste F.Mask) (roundrect_rratio 0.25)
      (net 1 GND))
    (model ${KISYS3DMOD}/Capacitor_SMD.3dshapes/C_0805_2012Metric.wrl
      (at (xyz 0 0 0))
      (scale (xyz 1 1 1))
      (rotate (xyz 0 0 0))
    )
  )

  (module Capacitor_SMD:C_0805_2012Metric (layer F.Cu) (tedit 5F68FEEE) (tstamp 62F68DE9)
    (at 150.053 112.649)
    (descr "Capacitor SMD 0805 (2012 Metric), square (rectangular) end terminal, IPC_7351 nominal, (Body size source: IPC-SM-782 page 76, https://www.pcb-3d.com/wordpress/wp-content/uploads/ipc-sm-782a_amendment_1_and_2.pdf, https://docs.google.com/spreadsheets/d/1BsfQQcO9C6DZCsRaXUlFlo91Tg2WpOkGARC1WS5S8t0/edit?usp=sharing), generated with kicad-footprint-generator")
    (tags capacitor)
    (path /63209CF1)
    (attr smd)
    (fp_text reference C9 (at 0 -1.68) (layer F.SilkS)
      (effects (font (size 1 1) (thickness 0.15)))
    )
    (fp_text value 10uF (at 0 1.68) (layer F.Fab)
      (effects (font (size 1 1) (thickness 0.15)))
    )
    (fp_line (start 1.7 0.98) (end -1.7 0.98) (layer F.CrtYd) (width 0.05))
    (fp_line (start 1.7 -0.98) (end 1.7 0.98) (layer F.CrtYd) (width 0.05))
    (fp_line (start -1.7 -0.98) (end 1.7 -0.98) (layer F.CrtYd) (width 0.05))
    (fp_line (start -1.7 0.98) (end -1.7 -0.98) (layer F.CrtYd) (width 0.05))
    (fp_line (start -0.261252 0.735) (end 0.261252 0.735) (layer F.SilkS) (width 0.12))
    (fp_line (start -0.261252 -0.735) (end 0.261252 -0.735) (layer F.SilkS) (width 0.12))
    (fp_line (start 1 0.625) (end -1 0.625) (layer F.Fab) (width 0.1))
    (fp_line (start 1 -0.625) (end 1 0.625) (layer F.Fab) (width 0.1))
    (fp_line (start -1 -0.625) (end 1 -0.625) (layer F.Fab) (width 0.1))
    (fp_line (start -1 0.625) (end -1 -0.625) (layer F.Fab) (width 0.1))
    (fp_text user %R (at 0 0) (layer F.Fab)
      (effects (font (size 0.5 0.5) (thickness 0.08)))
    )
    (pad 1 smd roundrect (at -0.95 0) (size 1 1.45) (layers F.Cu F.Paste F.Mask) (roundrect_rratio 0.25)
      (net 2 +5V))
    (pad 2 smd roundrect (at 0.95 0) (size 1 1.45) (layers F.Cu F.Paste F.Mask) (roundrect_rratio 0.25)
      (net 1 GND))
    (model ${KISYS3DMOD}/Capacitor_SMD.3dshapes/C_0805_2012Metric.wrl
      (at (xyz 0 0 0))
      (scale (xyz 1 1 1))
      (rotate (xyz 0 0 0))
    )
  )

  (module Capacitor_SMD:C_0805_2012Metric (layer F.Cu) (tedit 5F68FEEE) (tstamp 62F5C412)
    (at 147.05 94.4)
    (descr "Capacitor SMD 0805 (2012 Metric), square (rectangular) end terminal, IPC_7351 nominal, (Body size source: IPC-SM-782 page 76, https://www.pcb-3d.com/wordpress/wp-content/uploads/ipc-sm-782a_amendment_1_and_2.pdf, https://docs.google.com/spreadsheets/d/1BsfQQcO9C6DZCsRaXUlFlo91Tg2WpOkGARC1WS5S8t0/edit?usp=sharing), generated with kicad-footprint-generator")
    (tags capacitor)
    (path /632212F8)
    (attr smd)
    (fp_text reference C10 (at 0 -1.68) (layer F.SilkS)
      (effects (font (size 1 1) (thickness 0.15)))
    )
    (fp_text value 100nF (at 0 1.68) (layer F.Fab)
      (effects (font (size 1 1) (thickness 0.15)))
    )
    (fp_line (start -1 0.625) (end -1 -0.625) (layer F.Fab) (width 0.1))
    (fp_line (start -1 -0.625) (end 1 -0.625) (layer F.Fab) (width 0.1))
    (fp_line (start 1 -0.625) (end 1 0.625) (layer F.Fab) (width 0.1))
    (fp_line (start 1 0.625) (end -1 0.625) (layer F.Fab) (width 0.1))
    (fp_line (start -0.261252 -0.735) (end 0.261252 -0.735) (layer F.SilkS) (width 0.12))
    (fp_line (start -0.261252 0.735) (end 0.261252 0.735) (layer F.SilkS) (width 0.12))
    (fp_line (start -1.7 0.98) (end -1.7 -0.98) (layer F.CrtYd) (width 0.05))
    (fp_line (start -1.7 -0.98) (end 1.7 -0.98) (layer F.CrtYd) (width 0.05))
    (fp_line (start 1.7 -0.98) (end 1.7 0.98) (layer F.CrtYd) (width 0.05))
    (fp_line (start 1.7 0.98) (end -1.7 0.98) (layer F.CrtYd) (width 0.05))
    (fp_text user %R (at 0 0) (layer F.Fab)
      (effects (font (size 0.5 0.5) (thickness 0.08)))
    )
    (pad 2 smd roundrect (at 0.95 0) (size 1 1.45) (layers F.Cu F.Paste F.Mask) (roundrect_rratio 0.25)
      (net 2 +5V))
    (pad 1 smd roundrect (at -0.95 0) (size 1 1.45) (layers F.Cu F.Paste F.Mask) (roundrect_rratio 0.25)
      (net 1 GND))
    (model ${KISYS3DMOD}/Capacitor_SMD.3dshapes/C_0805_2012Metric.wrl
      (at (xyz 0 0 0))
      (scale (xyz 1 1 1))
      (rotate (xyz 0 0 0))
    )
  )

  (module LED_SMD:LED-APA102-2020 (layer F.Cu) (tedit 5CADBF17) (tstamp 62F66C5D)
    (at 150 83 180)
    (descr http://www.led-color.com/upload/201604/APA102-2020%20SMD%20LED.pdf)
    (tags "LED RGB SPI")
    (path /62F66884)
    (attr smd)
    (fp_text reference D1 (at 0 2.11) (layer F.SilkS)
      (effects (font (size 1 1) (thickness 0.15)))
    )
    (fp_text value APA102-2020 (at 0 -2) (layer F.Fab)
      (effects (font (size 1 1) (thickness 0.15)))
    )
    (fp_line (start -1 -1) (end 1 -1) (layer F.Fab) (width 0.1))
    (fp_line (start 1 -1) (end 1 1) (layer F.Fab) (width 0.1))
    (fp_line (start 1 1) (end -0.5 1) (layer F.Fab) (width 0.1))
    (fp_line (start -1 0.5) (end -1 -1) (layer F.Fab) (width 0.1))
    (fp_line (start 1.5 -1.4) (end 1.5 1.4) (layer F.CrtYd) (width 0.05))
    (fp_line (start -1.2 1.4) (end -0.5 1.4) (layer F.SilkS) (width 0.12))
    (fp_line (start -1 0.5) (end -0.5 1) (layer F.Fab) (width 0.1))
    (fp_line (start -1.5 -1.4) (end -1.5 1.4) (layer F.CrtYd) (width 0.05))
    (fp_line (start -0.5 1.4) (end -0.5 1.58) (layer F.CrtYd) (width 0.05))
    (fp_line (start -0.5 1.58) (end 0.5 1.58) (layer F.CrtYd) (width 0.05))
    (fp_line (start 0.5 1.58) (end 0.5 1.4) (layer F.CrtYd) (width 0.05))
    (fp_line (start -0.5 -1.4) (end -0.5 -1.58) (layer F.CrtYd) (width 0.05))
    (fp_line (start -0.5 -1.58) (end 0.5 -1.58) (layer F.CrtYd) (width 0.05))
    (fp_line (start 0.5 -1.58) (end 0.5 -1.4) (layer F.CrtYd) (width 0.05))
    (fp_line (start 0.5 -1.4) (end 1.5 -1.4) (layer F.CrtYd) (width 0.05))
    (fp_line (start -1.5 -1.4) (end -0.5 -1.4) (layer F.CrtYd) (width 0.05))
    (fp_line (start -0.5 1.4) (end -1.5 1.4) (layer F.CrtYd) (width 0.05))
    (fp_line (start 1.5 1.4) (end 0.5 1.4) (layer F.CrtYd) (width 0.05))
    (fp_text user 1 (at -1.7 -0.9) (layer F.SilkS)
      (effects (font (size 0.6 0.6) (thickness 0.1)))
    )
    (fp_text user %R (at 0 0) (layer F.Fab)
      (effects (font (size 0.3 0.3) (thickness 0.07)))
    )
    (pad 6 smd rect (at 0 0.59 270) (size 1.48 0.5) (layers F.Cu F.Paste F.Mask)
      (net 1 GND))
    (pad 1 smd rect (at 0 -0.83 270) (size 1 0.5) (layers F.Cu F.Paste F.Mask)
      (net 2 +5V))
    (pad 6 smd rect (at 0.85 -0.9 180) (size 0.8 0.5) (layers F.Cu F.Paste F.Mask)
      (net 1 GND))
    (pad 4 smd rect (at 0.85 0.9 180) (size 0.8 0.5) (layers F.Cu F.Paste F.Mask)
      (net 3 "Net-(D1-Pad4)"))
    (pad 5 smd rect (at 0.85 0 180) (size 0.8 0.3) (layers F.Cu F.Paste F.Mask)
      (net 4 "Net-(D1-Pad5)"))
    (pad 3 smd rect (at -0.85 0.9 180) (size 0.8 0.5) (layers F.Cu F.Paste F.Mask)
      (net 5 "Net-(D1-Pad3)"))
    (pad 2 smd rect (at -0.85 0 180) (size 0.8 0.3) (layers F.Cu F.Paste F.Mask)
      (net 6 "Net-(D1-Pad2)"))
    (pad 1 smd rect (at -0.85 -0.9 180) (size 0.8 0.5) (layers F.Cu F.Paste F.Mask)
      (net 2 +5V))
    (model ${KISYS3DMOD}/LED_SMD.3dshapes/LED-APA102-2020.wrl
      (at (xyz 0 0 0))
      (scale (xyz 1 1 1))
      (rotate (xyz 0 0 0))
    )
  )

  (module LED_SMD:LED-APA102-2020 (layer F.Cu) (tedit 5CADBF17) (tstamp 62F5C452)
    (at 156.505618 84.294048 157.5)
    (descr http://www.led-color.com/upload/201604/APA102-2020%20SMD%20LED.pdf)
    (tags "LED RGB SPI")
    (path /62F66B32)
    (attr smd)
    (fp_text reference D2 (at 0 2.11 157.5) (layer F.SilkS)
      (effects (font (size 1 1) (thickness 0.15)))
    )
    (fp_text value APA102-2020 (at 0 -2 157.5) (layer F.Fab)
      (effects (font (size 1 1) (thickness 0.15)))
    )
    (fp_line (start -1 -1) (end 1 -1) (layer F.Fab) (width 0.1))
    (fp_line (start 1 -1) (end 1 1) (layer F.Fab) (width 0.1))
    (fp_line (start 1 1) (end -0.5 1) (layer F.Fab) (width 0.1))
    (fp_line (start -1 0.5) (end -1 -1) (layer F.Fab) (width 0.1))
    (fp_line (start 1.5 -1.4) (end 1.5 1.4) (layer F.CrtYd) (width 0.05))
    (fp_line (start -1.2 1.4) (end -0.5 1.4) (layer F.SilkS) (width 0.12))
    (fp_line (start -1 0.5) (end -0.5 1) (layer F.Fab) (width 0.1))
    (fp_line (start -1.5 -1.4) (end -1.5 1.4) (layer F.CrtYd) (width 0.05))
    (fp_line (start -0.5 1.4) (end -0.5 1.58) (layer F.CrtYd) (width 0.05))
    (fp_line (start -0.5 1.58) (end 0.5 1.58) (layer F.CrtYd) (width 0.05))
    (fp_line (start 0.5 1.58) (end 0.5 1.4) (layer F.CrtYd) (width 0.05))
    (fp_line (start -0.5 -1.4) (end -0.5 -1.58) (layer F.CrtYd) (width 0.05))
    (fp_line (start -0.5 -1.58) (end 0.5 -1.58) (layer F.CrtYd) (width 0.05))
    (fp_line (start 0.5 -1.58) (end 0.5 -1.4) (layer F.CrtYd) (width 0.05))
    (fp_line (start 0.5 -1.4) (end 1.5 -1.4) (layer F.CrtYd) (width 0.05))
    (fp_line (start -1.5 -1.4) (end -0.5 -1.4) (layer F.CrtYd) (width 0.05))
    (fp_line (start -0.5 1.4) (end -1.5 1.4) (layer F.CrtYd) (width 0.05))
    (fp_line (start 1.5 1.4) (end 0.5 1.4) (layer F.CrtYd) (width 0.05))
    (fp_text user 1 (at -1.7 -0.9 157.5) (layer F.SilkS)
      (effects (font (size 0.6 0.6) (thickness 0.1)))
    )
    (fp_text user %R (at 0 0 157.5) (layer F.Fab)
      (effects (font (size 0.3 0.3) (thickness 0.07)))
    )
    (pad 6 smd rect (at 0 0.59 247.5) (size 1.48 0.5) (layers F.Cu F.Paste F.Mask)
      (net 1 GND))
    (pad 1 smd rect (at 0 -0.83 247.5) (size 1 0.5) (layers F.Cu F.Paste F.Mask)
      (net 2 +5V))
    (pad 6 smd rect (at 0.85 -0.9 157.5) (size 0.8 0.5) (layers F.Cu F.Paste F.Mask)
      (net 1 GND))
    (pad 4 smd rect (at 0.85 0.9 157.5) (size 0.8 0.5) (layers F.Cu F.Paste F.Mask)
      (net 5 "Net-(D1-Pad3)"))
    (pad 5 smd rect (at 0.85 0 157.5) (size 0.8 0.3) (layers F.Cu F.Paste F.Mask)
      (net 6 "Net-(D1-Pad2)"))
    (pad 3 smd rect (at -0.85 0.9 157.5) (size 0.8 0.5) (layers F.Cu F.Paste F.Mask)
      (net 7 "Net-(D2-Pad3)"))
    (pad 2 smd rect (at -0.85 0 157.5) (size 0.8 0.3) (layers F.Cu F.Paste F.Mask)
      (net 8 "Net-(D2-Pad2)"))
    (pad 1 smd rect (at -0.85 -0.9 157.5) (size 0.8 0.5) (layers F.Cu F.Paste F.Mask)
      (net 2 +5V))
    (model ${KISYS3DMOD}/LED_SMD.3dshapes/LED-APA102-2020.wrl
      (at (xyz 0 0 0))
      (scale (xyz 1 1 1))
      (rotate (xyz 0 0 0))
    )
  )

  (module LED_SMD:LED-APA102-2020 (layer F.Cu) (tedit 5CADBF17) (tstamp 62F5C472)
    (at 162.020815 87.979185 135)
    (descr http://www.led-color.com/upload/201604/APA102-2020%20SMD%20LED.pdf)
    (tags "LED RGB SPI")
    (path /62F66EBA)
    (attr smd)
    (fp_text reference D3 (at 0 2.11 135) (layer F.SilkS)
      (effects (font (size 1 1) (thickness 0.15)))
    )
    (fp_text value APA102-2020 (at 0 -2 135) (layer F.Fab)
      (effects (font (size 1 1) (thickness 0.15)))
    )
    (fp_line (start 1.5 1.4) (end 0.5 1.4) (layer F.CrtYd) (width 0.05))
    (fp_line (start -0.5 1.4) (end -1.5 1.4) (layer F.CrtYd) (width 0.05))
    (fp_line (start -1.5 -1.4) (end -0.5 -1.4) (layer F.CrtYd) (width 0.05))
    (fp_line (start 0.5 -1.4) (end 1.5 -1.4) (layer F.CrtYd) (width 0.05))
    (fp_line (start 0.5 -1.58) (end 0.5 -1.4) (layer F.CrtYd) (width 0.05))
    (fp_line (start -0.5 -1.58) (end 0.5 -1.58) (layer F.CrtYd) (width 0.05))
    (fp_line (start -0.5 -1.4) (end -0.5 -1.58) (layer F.CrtYd) (width 0.05))
    (fp_line (start 0.5 1.58) (end 0.5 1.4) (layer F.CrtYd) (width 0.05))
    (fp_line (start -0.5 1.58) (end 0.5 1.58) (layer F.CrtYd) (width 0.05))
    (fp_line (start -0.5 1.4) (end -0.5 1.58) (layer F.CrtYd) (width 0.05))
    (fp_line (start -1.5 -1.4) (end -1.5 1.4) (layer F.CrtYd) (width 0.05))
    (fp_line (start -1 0.5) (end -0.5 1) (layer F.Fab) (width 0.1))
    (fp_line (start -1.2 1.4) (end -0.5 1.4) (layer F.SilkS) (width 0.12))
    (fp_line (start 1.5 -1.4) (end 1.5 1.4) (layer F.CrtYd) (width 0.05))
    (fp_line (start -1 0.5) (end -1 -1) (layer F.Fab) (width 0.1))
    (fp_line (start 1 1) (end -0.5 1) (layer F.Fab) (width 0.1))
    (fp_line (start 1 -1) (end 1 1) (layer F.Fab) (width 0.1))
    (fp_line (start -1 -1) (end 1 -1) (layer F.Fab) (width 0.1))
    (fp_text user %R (at 0 0 135) (layer F.Fab)
      (effects (font (size 0.3 0.3) (thickness 0.07)))
    )
    (fp_text user 1 (at -1.7 -0.9 135) (layer F.SilkS)
      (effects (font (size 0.6 0.6) (thickness 0.1)))
    )
